160x120,50,19200,461.604887,56.833892
176x144,50,25344,15.647731,65.131207
320x176,50,56320,20.747153,11.796342
320x240,50,76800,17.909446,12.151561
352x288,50,101376,15.361726,167.198747
432x240,50,103680,21.242062,13.164454
544x288,50,156672,13.560157,43.116208
640x360,50,230400,17.521369,66.054731
160x120,50,19200,25.121853,17.828165
176x144,50,25344,23.899529,13.263069
320x176,50,56320,15.620272,77.950918
320x240,50,76800,12.472280,20.812064
352x288,50,101376,12.575893,49.423299
432x240,50,103680,13.552498,23.017105
544x288,50,156672,28.867993,14.434713
640x360,50,230400,16.901287,61.985033
